[soe][Equalizer#0]
numBands=10

[soe][Equalizer#0#left]
band0Frequency=105
band0Gain=13.100000381469727
band0Mode=6
band0Q=0.6666666865348816
band0Type=5
band10Type=0
band11Type=0
band12Type=0
band13Type=0
band14Type=0
band15Type=0
band16Type=0
band17Type=0
band18Type=0
band19Type=0
band1Frequency=66.4000015258789
band1Gain=-6.5
band1Mode=6
band1Q=0.3400000035762787
band20Type=0
band21Type=0
band22Type=0
band23Type=0
band24Type=0
band25Type=0
band26Type=0
band27Type=0
band28Type=0
band29Type=0
band2Frequency=487.5
band2Gain=-0.699999988079071
band2Mode=6
band2Q=2.7300000190734863
band30Type=0
band31Type=0
band3Frequency=569.2999877929688
band3Gain=3.0999999046325684
band3Mode=6
band3Q=0.8999999761581421
band4Frequency=697.4000244140625
band4Gain=1.100000023841858
band4Mode=6
band4Q=2.5199999809265137
band5Frequency=1234.4000244140625
band5Mode=6
band5Q=4.480000019073486
band6Frequency=2729.699951171875
band6Gain=-2.5999999046325684
band6Mode=6
band6Q=1.7400000095367432
band7Frequency=4427.89990234375
band7Gain=4.800000190734863
band7Mode=6
band7Q=3.690000057220459
band8Frequency=8756.400390625
band8Gain=-6.199999809265137
band8Mode=6
band8Q=2.140000104904175
band9Frequency=10000
band9Gain=5.5
band9Mode=6
band9Q=0.6666666865348816
band9Type=3

[soe][Equalizer#0#right]
band0Frequency=105
band0Gain=13.100000381469727
band0Mode=6
band0Q=0.6666666865348816
band0Type=5
band10Type=0
band11Type=0
band12Type=0
band13Type=0
band14Type=0
band15Type=0
band16Type=0
band17Type=0
band18Type=0
band19Type=0
band1Frequency=66.4000015258789
band1Gain=-6.5
band1Mode=6
band1Q=0.3400000035762787
band20Type=0
band21Type=0
band22Type=0
band23Type=0
band24Type=0
band25Type=0
band26Type=0
band27Type=0
band28Type=0
band29Type=0
band2Frequency=487.5
band2Gain=-0.699999988079071
band2Mode=6
band2Q=2.7300000190734863
band30Type=0
band31Type=0
band3Frequency=569.2999877929688
band3Gain=3.0999999046325684
band3Mode=6
band3Q=0.8999999761581421
band4Frequency=697.4000244140625
band4Gain=1.100000023841858
band4Mode=6
band4Q=2.5199999809265137
band5Frequency=1234.4000244140625
band5Mode=6
band5Q=4.480000019073486
band6Frequency=2729.699951171875
band6Gain=-2.5999999046325684
band6Mode=6
band6Q=1.7400000095367432
band7Frequency=4427.89990234375
band7Gain=4.800000190734863
band7Mode=6
band7Q=3.690000057220459
band8Frequency=8756.400390625
band8Gain=-6.199999809265137
band8Mode=6
band8Q=2.140000104904175
band9Frequency=10000
band9Gain=5.5
band9Mode=6
band9Q=0.6666666865348816
band9Type=3
